1	1478153	16804341	15326188	660	2	NLOH	2	0
1	17246171	17246171	0	1	3	ALOH	3	0
1	17299727	60023941	42724214	1847	2	NLOH	2	0
1	60065732	115365160	55299428	2735	1	DLOH	1	0
1	115389709	144868827	29479118	309	2	HET	1	1
1	145540055	161463601	15923546	475	3	HET	2	1
1	161524053	161524053	0	1	2	HET	1	1
1	161658780	249168436	87509656	4621	3	HET	2	1
2	53652	37936581	37882929	2238	2	HET	1	1
2	37960902	37987192	26290	5	2	NLOH	2	0
2	38010266	241896418	203886152	9054	2	HET	1	1
3	73789	40204178	40130389	2362	2	HET	1	1
3	40220706	58108515	17887809	629	1	DLOH	1	0
3	58114884	197833758	139718874	6187	2	HET	1	1
4	79535	79535	0	1	1	DLOH	1	0
4	87113	166929276	166842163	7580	2	NLOH	2	0
4	166945866	190427447	23481581	1195	3	HET	2	1
4	190514569	190604047	89478	3	2	HET	1	1
4	190690945	190777761	86816	3	3	HET	2	1
4	190915650	190915650	0	1	2	HET	1	1
5	28949	32049787	32020838	1677	2	HET	1	1
5	32229677	33085684	856007	50	3	HET	2	1
5	33139773	33549118	409345	25	4	ASCNA	3	1
5	33590968	33897522	306554	15	3	HET	2	1
5	33954880	34018623	63743	5	4	ASCNA	3	1
5	34038854	52765331	18726477	634	3	HET	2	1
5	52848593	180584434	127735841	6217	2	HET	1	1
6	294457	7399889	7105432	507	1	DLOH	1	0
6	7415851	162840922	155425071	7449	2	NLOH	2	0
6	162841881	162863478	21597	4	3	ALOH	3	0
6	162958720	170905977	7947257	487	2	NLOH	2	0
7	94006	5883522	5789516	248	3	HET	2	1
7	5901198	5901198	0	1	2	HET	1	1
7	6039129	38303120	32263991	2034	3	HET	2	1
7	38323485	38358728	35243	9	4	BCNA	2	2
7	38371334	56735942	18364608	992	3	HET	2	1
7	57120697	57120697	0	1	2	HET	1	1
7	57340904	57830400	489496	28	3	HET	2	1
7	62386045	62386045	0	1	2	HET	1	1
7	62453696	83985028	21531332	724	3	HET	2	1
7	84024619	133847893	49823274	1699	2	NLOH	2	0
7	133850863	133852714	1851	3	2	HET	1	1
7	133870643	138693945	4823302	287	3	HET	2	1
7	139240471	153557107	14316636	689	2	HET	1	1
7	153576257	153664837	88580	10	3	HET	2	1
7	153886615	154511163	624548	45	2	HET	1	1
7	154535511	155023320	487809	48	3	HET	2	1
7	155038960	155644493	605533	48	2	HET	1	1
7	155717829	155761773	43944	8	3	HET	2	1
7	155811043	158986079	3175036	112	2	HET	1	1
8	219677	8397785	8178108	734	2	HET	1	1
8	8411145	11072020	2660875	119	3	HET	2	1
8	11087475	12744073	1656598	55	2	HET	1	1
8	12850918	15657119	2806201	188	1	DLOH	1	0
8	15668223	15747321	79098	21	1	HET	1	1
8	15846234	17395795	1549561	79	1	DLOH	1	0
8	17439560	18473587	1034027	121	2	HET	1	1
8	18514872	21257698	2742826	249	1	DLOH	1	0
8	21392919	23482464	2089545	144	2	HET	1	1
8	23632261	24925058	1292797	85	3	HET	2	1
8	24970550	25065929	95379	7	4	ASCNA	3	1
8	25142552	25252716	110164	15	3	HET	2	1
8	25280666	25546915	266249	18	4	ASCNA	3	1
8	25587629	25804508	216879	21	3	HET	2	1
8	25828225	26025660	197435	10	4	ASCNA	3	1
8	26060379	28056797	1996418	183	3	HET	2	1
8	28069428	28441566	372138	22	2	HET	1	1
8	28469017	29265538	796521	45	3	HET	2	1
8	29353275	39176630	9823355	478	2	HET	1	1
8	39585569	43420832	3835263	169	3	HET	2	1
8	43701112	43701112	0	1	2	HET	1	1
8	46936840	56567649	9630809	465	3	HET	2	1
8	56592291	64785748	8193457	362	4	ASCNA	3	1
8	64817103	65132948	315845	19	3	HET	2	1
8	65183965	69582167	4398202	157	4	ASCNA	3	1
8	69642540	70314428	671888	49	3	HET	2	1
8	70414309	71146050	731741	52	4	ASCNA	3	1
8	71198168	71260332	62164	4	3	HET	2	1
8	71344584	73406457	2061873	88	4	ASCNA	3	1
8	73503886	73617600	113714	18	3	HET	2	1
8	73621252	75467500	1846248	141	4	ASCNA	3	1
8	75483809	75617677	133868	9	3	HET	2	1
8	75621143	112370888	36749745	2014	4	ASCNA	3	1
8	112422757	112591382	168625	8	2	HET	1	1
8	113681944	146128340	32446396	2059	4	ASCNA	3	1
9	46431	277989	231558	4	1	HET	1	1
9	302324	32203380	31901056	2047	1	DLOH	1	0
9	32375432	32502525	127093	5	2	NLOH	2	0
9	32525915	32979869	453954	27	1	DLOH	1	0
9	32990728	35931225	2940497	163	3	ALOH	3	0
9	36122055	38771831	2649776	138	1	DLOH	1	0
9	69827539	141087366	71259827	3250	2	NLOH	2	0
10	158946	3310298	3151352	201	1	DLOH	1	0
10	3315107	3796569	481462	29	1	HET	1	1
10	3807852	23636106	19828254	1312	1	DLOH	1	0
10	23661291	46157892	22496601	1205	2	HET	1	1
10	47074891	47096230	21339	10	2	NLOH	2	0
10	47099869	88397995	41298126	2526	2	HET	1	1
10	88406970	91181853	2774883	168	1	DLOH	1	0
10	91194067	93955851	2761784	197	2	HET	1	1
10	94062631	94327156	264525	7	3	HET	2	1
10	94379714	135432685	41052971	2603	2	HET	1	1
11	206767	62069365	61862598	3123	2	HET	1	1
11	62080042	62088747	8705	5	3	HET	2	1
11	62140069	134944770	72804701	3979	2	HET	1	1
12	191619	2724022	2532403	166	4	BCNA	2	2
12	2834412	20749554	17915142	1061	3	HET	2	1
12	20790436	20794150	3714	3	4	BCNA	2	2
12	21145010	22433636	1288626	77	3	HET	2	1
12	22751275	23330314	579039	40	4	BCNA	2	2
12	23479654	29024534	5544880	368	3	HET	2	1
12	29034109	29168178	134069	17	4	BCNA	2	2
12	29178895	31411754	2232859	230	3	HET	2	1
12	31484881	31484881	0	1	4	BCNA	2	2
12	31808347	32114527	306180	31	3	HET	2	1
12	32139418	133777645	101638227	5198	2	NLOH	2	0
13	19062319	111237260	92174941	4859	3	HET	2	1
13	111410802	114889967	3479165	196	2	HET	1	1
14	20239246	22428364	2189118	158	2	NLOH	2	0
14	22461777	22774695	312918	28	3	HET	2	1
14	22977249	73494615	50517366	2541	2	NLOH	2	0
14	73664853	73743458	78605	5	2	HET	1	1
14	73936597	74085091	148494	13	3	HET	2	1
14	74245607	75921088	1675481	89	2	HET	1	1
14	75928973	76054114	125141	11	3	HET	2	1
14	76593854	76718123	124269	12	2	HET	1	1
14	76781841	77938577	1156736	85	3	HET	2	1
14	78408685	81806977	3398292	173	2	HET	1	1
14	82043797	82126408	82611	5	3	HET	2	1
14	82171783	86480788	4309005	223	2	HET	1	1
14	86504916	86607435	102519	3	3	HET	2	1
14	86617252	88210056	1592804	55	2	HET	1	1
14	88353486	88477413	123927	26	3	HET	2	1
14	88486054	106764925	18278871	873	2	HET	1	1
14	107152816	107175085	22269	3	2	NLOH	2	0
14	107240991	107285437	44446	5	2	HET	1	1
15	20186408	22515041	2328633	24	2	NLOH	2	0
15	22869764	66078069	43208305	1997	2	HET	1	1
15	66353695	102369711	36016016	1912	3	HET	2	1
16	115072	21740274	21625202	1202	2	HET	1	1
16	22687564	22694019	6455	3	2	NLOH	2	0
16	22718938	62866857	40147919	1111	2	HET	1	1
16	63176077	63476324	300247	27	1	DLOH	1	0
16	63558061	90163275	26605214	1781	1	HET	1	1
17	6888	34436708	34429820	1244	2	NLOH	2	0
17	34439139	34477386	38247	6	1	DLOH	1	0
17	34865131	44208674	9343543	424	2	NLOH	2	0
17	44213204	44274560	61356	25	2	HET	1	1
17	44279803	44348298	68495	7	1	DLOH	1	0
17	44351285	44353885	2600	6	1	HET	1	1
17	44355634	44355634	0	1	1	DLOH	1	0
17	44789285	81012185	36222900	1657	2	NLOH	2	0
18	295046	20782264	20487218	1013	2	HET	1	1
18	20861916	78002239	57140323	2981	1	DLOH	1	0
19	261033	22567144	22306111	585	2	HET	1	1
19	22634929	45810035	23175106	698	3	HET	2	1
19	46496793	59082605	12585812	441	2	HET	1	1
20	108328	10086799	9978471	712	2	NLOH	2	0
20	10125043	19346298	9221255	721	3	HET	2	1
20	19348676	19727038	378362	64	4	BCNA	2	2
20	19809524	45841052	26031528	986	3	HET	2	1
20	46209502	62846531	16637029	860	4	BCNA	2	2
21	14642464	48050388	33407924	2065	2	NLOH	2	0
22	16061016	51156933	35095917	1653	2	NLOH	2	0
23	219978	2694240	2474262	88	2	NLOH	2	0
23	9381396	9381396	0	1	4	ALOH	4	0
