1	785989	8596742	7810753	308	1	DLOH	1	0
1	8985036	43506477	34521441	1370	2	HET	1	1
1	43506623	99571007	56064384	2371	1	DLOH	1	0
1	99601672	146775199	47173527	972	1	HET	1	1
1	146813137	147024047	210910	12	3	HET	2	1
1	147060514	150001721	2941207	24	2	HET	1	1
1	150234282	150295131	60849	2	3	HET	2	1
1	150352494	151749311	1396817	46	2	HET	1	1
1	151761804	152045626	283822	5	3	HET	2	1
1	152140016	152391282	251266	18	2	HET	1	1
1	152424825	152938045	513220	57	3	HET	2	1
1	153098887	153125050	26163	4	2	HET	1	1
1	153132984	153455329	322345	26	3	HET	2	1
1	153672247	154797272	1125025	26	2	HET	1	1
1	155008610	155008610	0	1	3	HET	2	1
1	156171296	156612932	441636	25	2	HET	1	1
1	156740655	157072326	331671	22	3	HET	2	1
1	157273715	157452826	179111	18	2	HET	1	1
1	157477996	158167309	689313	62	3	HET	2	1
1	158246898	159032255	785357	36	2	HET	1	1
1	159050103	159161279	111176	6	3	HET	2	1
1	159460032	159698549	238517	13	2	HET	1	1
1	159745879	160102256	356377	11	3	HET	2	1
1	160137300	160321180	183880	13	2	HET	1	1
1	160331019	160349641	18622	3	3	HET	2	1
1	160652730	160977702	324972	26	2	HET	1	1
1	160995392	161370985	375593	10	3	HET	2	1
1	161463498	161910039	446541	40	2	HET	1	1
1	161926569	162030901	104332	17	3	HET	2	1
1	162036523	162276432	239909	46	2	HET	1	1
1	162297946	162430009	132063	5	3	HET	2	1
1	162559479	162684359	124880	15	2	HET	1	1
1	162701802	162852760	150958	15	3	HET	2	1
1	162896495	163332621	436126	42	2	HET	1	1
1	163358704	163785496	426792	24	3	HET	2	1
1	163789301	164842442	1053141	71	2	HET	1	1
1	165003462	165342263	338801	16	3	HET	2	1
1	165349087	165877575	528488	33	2	HET	1	1
1	165967961	166003309	35348	5	3	HET	2	1
1	166174572	166304410	129838	10	2	HET	1	1
1	166451443	166543542	92099	9	3	HET	2	1
1	166552723	166727185	174462	23	2	HET	1	1
1	166734128	166833199	99071	12	3	HET	2	1
1	167021041	167407517	386476	43	2	HET	1	1
1	167426146	167615368	189222	14	3	HET	2	1
1	167678144	169287216	1609072	85	2	HET	1	1
1	169339031	169396620	57589	6	3	HET	2	1
1	169405850	169794359	388509	35	2	HET	1	1
1	169808669	169945664	136995	11	3	HET	2	1
1	170007869	170835762	827893	45	2	HET	1	1
1	170954264	170954264	0	1	3	HET	2	1
1	171045949	171223015	177066	16	2	HET	1	1
1	171393982	171407008	13026	4	3	HET	2	1
1	171435542	171654968	219426	21	2	HET	1	1
1	171680382	178709966	7029584	278	3	HET	2	1
1	178782625	178784992	2367	2	2	NLOH	2	0
1	178890785	182005722	3114937	106	3	HET	2	1
1	182118322	182118322	0	1	4	BCNA	2	2
1	182225559	182492680	267121	35	3	HET	2	1
1	182579602	182596818	17216	3	4	BCNA	2	2
1	182613666	182682811	69145	8	3	HET	2	1
1	182731174	182754545	23371	2	4	BCNA	2	2
1	183148228	183198365	50137	12	3	HET	2	1
1	183204477	183295930	91453	10	4	ASCNA	3	1
1	183327971	186835995	3508024	106	3	HET	2	1
1	186948027	187003799	55772	5	4	BCNA	2	2
1	187041011	188751380	1710369	69	3	HET	2	1
1	189147180	189407527	260347	9	4	BCNA	2	2
1	189491402	194807391	5315989	227	3	HET	2	1
1	194847664	197612759	2765095	28	4	ASCNA	3	1
1	197712400	201517349	3804949	188	3	HET	2	1
1	201549296	210055630	8506334	363	4	ASCNA	3	1
1	210108473	210134548	26075	3	3	HET	2	1
1	210228131	210249486	21355	2	4	BCNA	2	2
1	210293333	210428002	134669	11	3	HET	2	1
1	210458861	210612528	153667	16	4	ASCNA	3	1
1	210698719	210698719	0	1	3	HET	2	1
1	210706989	210900179	193190	11	4	ASCNA	3	1
1	210907239	211248543	341304	16	3	HET	2	1
1	211302394	211856953	554559	22	4	ASCNA	3	1
1	212346089	214749490	2403401	103	3	HET	2	1
1	215165307	215200810	35503	8	2	HET	1	1
1	215246142	215426462	180320	27	3	HET	2	1
1	215441030	215561548	120518	6	2	HET	1	1
1	215846554	216029835	183281	27	3	HET	2	1
1	216082177	216819427	737250	36	2	HET	1	1
1	216836051	217507115	671064	60	3	HET	2	1
1	217609173	217835347	226174	15	2	HET	1	1
1	217919170	218745164	825994	45	3	HET	2	1
1	218761681	218861754	100073	6	2	HET	1	1
1	219064102	220379503	1315401	96	3	HET	2	1
1	220401009	220604517	203508	16	2	HET	1	1
1	220647006	221136787	489781	35	3	HET	2	1
1	221147712	221323432	175720	23	2	HET	1	1
1	221344685	221724913	380228	24	3	HET	2	1
1	221734237	234540547	12806310	715	2	HET	1	1
1	234556646	234573357	16711	4	1	DLOH	1	0
1	234582651	249168436	14585785	641	2	HET	1	1
2	34049	37888538	37854489	1923	2	HET	1	1
2	37960902	37987192	26290	5	2	NLOH	2	0
2	37998930	126736747	88737817	3386	2	HET	1	1
2	126768852	130060157	3291305	203	1	DLOH	1	0
2	130507396	142167237	11659841	447	2	HET	1	1
2	142217480	142498632	281152	36	3	HET	2	1
2	142608271	221331990	78723719	2849	2	HET	1	1
2	221337329	243014630	21677301	1031	1	DLOH	1	0
3	217268	30602630	30385362	1608	3	HET	2	1
3	30658031	42977436	12319405	587	2	NLOH	2	0
3	43071923	83758868	40686945	1891	1	DLOH	1	0
3	84344590	126529804	42185214	1388	2	HET	1	1
3	126552072	153891686	27339614	1006	3	HET	2	1
3	153955907	168753276	14797369	646	2	HET	1	1
3	168755583	176458909	7703326	243	3	HET	2	1
3	176568103	194858374	18290271	816	2	HET	1	1
3	195434182	195442787	8605	2	2	NLOH	2	0
3	195460550	197653899	2193349	45	2	HET	1	1
4	696848	190915650	190218802	7946	2	HET	1	1
5	455696	94200774	93745078	4089	2	HET	1	1
5	94222408	94237398	14990	4	1	DLOH	1	0
5	94246553	135962547	41715994	1798	2	HET	1	1
5	135969163	135993313	24150	3	1	DLOH	1	0
5	136000899	180512315	44511416	2078	2	HET	1	1
6	205610	64343514	64137904	3078	2	HET	1	1
6	64855302	65562837	707535	60	1	DLOH	1	0
6	65567279	65568290	1011	2	0	HOMD	0	0
6	65586462	110809809	45223347	2045	1	DLOH	1	0
6	110843638	119935496	9091858	407	2	NLOH	2	0
6	119993046	148835642	28842596	1451	1	DLOH	1	0
6	148886287	170905977	22019690	1309	2	NLOH	2	0
7	63316	63392458	63329142	2964	2	HET	1	1
7	63431014	63473224	42210	4	3	HET	2	1
7	63533811	159105577	95571766	3673	2	HET	1	1
8	281424	2118988	1837564	130	1	DLOH	1	0
8	2205102	2225296	20194	2	1	HET	1	1
8	2361015	21842751	19481736	1511	1	DLOH	1	0
8	21845428	21862551	17123	6	2	NLOH	2	0
8	21864540	30272310	8407770	449	1	DLOH	1	0
8	31216488	36158771	4942283	186	2	NLOH	2	0
8	36846109	37459524	613415	55	3	HET	2	1
8	37651477	37758538	107061	2	4	BCNA	2	2
8	38317398	70677057	32359659	1155	3	HET	2	1
8	70696034	74472006	3775972	213	1	DLOH	1	0
8	74564013	74620578	56565	8	2	NLOH	2	0
8	75033393	75369545	336152	17	3	ALOH	3	0
8	75423549	75423936	387	2	2	NLOH	2	0
8	75466807	75483809	17002	2	3	ALOH	3	0
8	75539052	75644439	105387	14	2	NLOH	2	0
8	75813778	75946695	132917	6	3	ALOH	3	0
8	76003013	76061882	58869	6	2	NLOH	2	0
8	76138344	76296789	158445	11	3	ALOH	3	0
8	76305778	76468383	162605	11	2	NLOH	2	0
8	76516576	76620994	104418	9	3	ALOH	3	0
8	76656945	76903014	246069	13	2	NLOH	2	0
8	76926241	76937594	11353	2	3	ALOH	3	0
8	76971499	77245410	273911	40	2	NLOH	2	0
8	77390676	77390676	0	1	3	ALOH	3	0
8	77529466	78172294	642828	35	2	NLOH	2	0
8	79409349	79413343	3994	2	3	ALOH	3	0
8	79654145	80179213	525068	21	2	NLOH	2	0
8	80199903	80714935	515032	22	3	ALOH	3	0
8	80743270	81324136	580866	22	2	NLOH	2	0
8	81458387	81548339	89952	4	3	ALOH	3	0
8	81827801	81878654	50853	2	2	NLOH	2	0
8	81892766	81892766	0	1	3	ALOH	3	0
8	81960117	82465610	505493	20	2	NLOH	2	0
8	82536323	83146787	610464	27	3	ALOH	3	0
8	83269283	83992779	723496	44	2	NLOH	2	0
8	84100890	84341857	240967	13	3	ALOH	3	0
8	84471850	84671732	199882	20	2	NLOH	2	0
8	84690260	84824234	133974	16	3	ALOH	3	0
8	85132271	85176983	44712	9	2	NLOH	2	0
8	85365475	85620694	255219	11	3	ALOH	3	0
8	85821389	85896920	75531	11	2	NLOH	2	0
8	86028331	87052763	1024432	39	3	ALOH	3	0
8	87269625	87308070	38445	3	2	NLOH	2	0
8	87785997	87789626	3629	3	3	ALOH	3	0
8	87840847	88881431	1040584	62	2	NLOH	2	0
8	88948825	106658677	17709852	295	4	BCNA	2	2
8	108182891	111906864	3723973	3	5	BCNA	3	2
8	112370888	112370888	0	1	4	BCNA	2	2
8	112488761	112488761	0	1	5	BCNA	3	2
8	112934594	113632855	698261	6	4	BCNA	2	2
8	116046422	116791749	745327	3	5	BCNA	3	2
8	123297701	125437811	2140110	103	4	BCNA	2	2
8	129707097	137264500	7557403	529	2	NLOH	2	0
8	137275430	146128340	8852910	441	3	HET	2	1
9	407575	10853336	10445761	885	2	NLOH	2	0
9	11194921	31107451	19912530	1146	1	DLOH	1	0
9	31248789	101262400	70013611	1870	2	HET	1	1
9	101265332	101279351	14019	7	2	NLOH	2	0
9	101293382	140694664	39401282	1850	2	HET	1	1
10	158946	2610523	2451577	119	4	BCNA	2	2
10	2619713	3335061	715348	79	3	HET	2	1
10	3390320	4748240	1357920	136	2	HET	1	1
10	4770022	5118322	348300	39	3	HET	2	1
10	5121206	5404347	283141	36	2	HET	1	1
10	5477131	5479804	2673	2	3	HET	2	1
10	5536590	5587867	51277	6	2	HET	1	1
10	5716555	5744985	28430	5	3	HET	2	1
10	5765637	12140498	6374861	424	2	HET	1	1
10	12338626	17578161	5239535	307	1	DLOH	1	0
10	18287814	18329818	42004	5	2	HET	1	1
10	18371713	21081843	2710130	230	1	DLOH	1	0
10	21109952	31476487	10366535	574	2	HET	1	1
10	31881737	35267367	3385630	206	1	DLOH	1	0
10	35274831	36092783	817952	40	2	HET	1	1
10	36208419	67057817	30849398	1309	1	DLOH	1	0
10	67094693	119712433	52617740	2464	2	HET	1	1
10	119767504	135434551	15667047	940	1	DLOH	1	0
11	283928	39194461	38910533	1936	3	HET	2	1
11	39255128	82008817	42753689	1619	2	HET	1	1
11	82011901	134944770	52932869	2929	1	DLOH	1	0
12	225699	16437515	16211816	868	2	NLOH	2	0
12	16443545	23033726	6590181	220	1	DLOH	1	0
12	23068666	24237017	1168351	74	2	HET	1	1
12	24447034	24745537	298503	24	1	DLOH	1	0
12	24779857	25004731	224874	19	2	HET	1	1
12	25027770	25048073	20303	3	3	HET	2	1
12	25088312	26603420	1515108	119	2	HET	1	1
12	26618129	26622098	3969	2	3	HET	2	1
12	26664976	29377589	2712613	115	2	HET	1	1
12	29534209	33421784	3887575	315	3	HET	2	1
12	34759583	64232082	29472499	1094	2	HET	1	1
12	64265724	64662563	396839	7	4	ASCNA	3	1
12	64739642	67602525	2862883	110	2	HET	1	1
12	67932903	69851374	1918471	40	4	ASCNA	3	1
12	70139673	76398585	6258912	246	3	HET	2	1
12	76633028	77069205	436177	5	4	ASCNA	3	1
12	77089826	87849063	10759237	361	3	HET	2	1
12	88846219	89797611	951392	15	4	BCNA	2	2
12	90547066	90547066	0	1	5	ASCNA	4	1
12	90668725	98621363	7952638	146	4	ASCNA	3	1
12	99219010	103370585	4151575	187	2	HET	1	1
12	103377389	104139649	762260	22	1	DLOH	1	0
12	104781613	113923939	9142326	428	2	HET	1	1
12	114104782	116874676	2769894	224	3	HET	2	1
12	116982722	123791227	6808505	179	4	ASCNA	3	1
12	124047999	124058489	10490	2	3	HET	2	1
12	124097528	124122408	24880	5	4	BCNA	2	2
12	124171176	124171176	0	1	3	HET	2	1
12	124566777	124566777	0	1	4	BCNA	2	2
12	124575615	125167349	591734	42	3	HET	2	1
12	125273767	125306848	33081	9	4	BCNA	2	2
12	125430760	127313422	1882662	116	2	NLOH	2	0
12	127317495	132107849	4790354	358	3	HET	2	1
12	132521472	133484722	963250	11	2	NLOH	2	0
12	133766801	133766801	0	1	3	HET	2	1
13	19650530	45947473	26296943	1325	2	HET	1	1
13	46033965	114782232	68748267	3522	1	DLOH	1	0
14	20312088	25445362	5133274	335	2	HET	1	1
14	25626387	34844376	9217989	414	3	HET	2	1
14	35150615	35532970	382355	23	2	HET	1	1
14	35556498	35788110	231612	4	3	HET	2	1
14	35822265	37744293	1922028	130	2	HET	1	1
14	37785701	37963104	177403	9	3	HET	2	1
14	38199664	51946458	13746794	463	2	HET	1	1
14	51982415	107285437	55303022	2529	1	DLOH	1	0
15	20167089	79531447	59364358	2486	2	HET	1	1
15	79537179	102165080	22627901	1257	1	DLOH	1	0
16	143503	8959355	8815852	581	2	NLOH	2	0
16	8984269	9781375	797106	55	3	ALOH	3	0
16	9802457	21173940	11371483	634	2	NLOH	2	0
16	21534304	21539264	4960	2	2	HET	1	1
16	21582734	70823505	49240771	1373	2	NLOH	2	0
16	71093625	89979851	18886226	1397	1	DLOH	1	0
17	78232	14731203	14652971	647	1	DLOH	1	0
17	14749174	17633932	2884758	104	3	HET	2	1
17	18215080	58634810	40419730	1191	2	HET	1	1
17	59329968	81012185	21682217	533	4	ASCNA	3	1
18	843971	847251	3280	2	4	ASCNA	3	1
18	877012	4166330	3289318	180	3	HET	2	1
18	4310725	22237514	17926789	803	1	DLOH	1	0
18	22249202	34907013	12657811	455	3	HET	2	1
18	34928639	34981616	52977	4	4	ASCNA	3	1
18	35008823	78014582	43005759	1962	3	HET	2	1
19	389397	2572382	2182985	38	1	DLOH	1	0
19	2663849	47894509	45230660	1274	2	HET	1	1
19	47980153	59071321	11091168	421	3	HET	2	1
20	216811	415205	198394	24	1	DLOH	1	0
20	541262	10276221	9734959	599	2	NLOH	2	0
20	10334090	15477704	5143614	285	3	HET	2	1
20	15524717	15995223	470506	19	4	ASCNA	3	1
20	16153969	16809810	655841	77	3	HET	2	1
20	16957097	19809524	2852427	172	2	HET	1	1
20	19874222	29493193	9618971	369	3	HET	2	1
20	30517503	46591848	16074345	736	2	NLOH	2	0
20	46620931	48266292	1645361	43	3	ALOH	3	0
20	48405168	48541183	136015	9	4	ALOH	4	0
20	48553511	59023714	10470203	130	5	ALOH	5	0
20	59125742	62904542	3778800	146	4	ALOH	4	0
21	14642464	47970933	33328469	1881	2	HET	1	1
22	16888900	51140316	34251416	1471	1	DLOH	1	0
23	302139	920485	618346	18	2	HET	1	1
23	940716	940716	0	1	2	NLOH	2	0
23	1455787	15325343	13869556	408	1	DLOH	1	0
23	15336223	15340670	4447	2	0	HOMD	0	0
23	15349170	57095915	41746745	802	1	DLOH	1	0
23	57205465	57543737	338272	10	2	HET	1	1
23	67301943	101884408	34582465	418	1	DLOH	1	0
23	102060234	137166217	35105983	575	2	HET	1	1
23	137178657	154915975	17737318	342	3	HET	2	1
